496654; 203113; 203114; 203115; 203116; 203117; 203118; 203119; 203120; 203121; 203122; 203123; 203124; 203125; 203126; 203127; 203128; 203129; 203130; 203131; 203132; 203133; 203134; 203135; 203136; 203137; 203138; 203139; 203140; 203141; 203142
496655; 203113; 203114; 203115; 203116; 203117; 203118; 203119; 203120; 203121; 203122; 203123; 203124; 203125; 203126; 203127; 203128; 203129; 203130; 203131; 203132; 203133; 203134; 203135; 203136; 203137; 203138; 203139; 203140; 203141; 203142
496660; 203113; 203114; 203115; 203116; 203117; 203118; 203119; 203120; 203121; 203122; 203123; 203124; 203125; 203126; 203127; 203128; 203129; 203130; 203131; 203132; 203133; 203134; 203135; 203136; 203137; 203138; 203139; 203140; 203141; 203142
496661; 203113; 203114; 203115; 203116; 203117; 203118; 203119; 203120; 203121; 203122; 203123; 203124; 203125; 203126; 203127; 203128; 203129; 203130; 203131; 203132; 203133; 203134; 203135; 203136; 203137; 203138; 203139; 203140; 203141; 203142
500267
500269
515458
539473; 166930; 166931; 166932; 166933; 166934; 166935; 166936; 166937; 166938; 166939; 166940; 166941; 166942; 166943; 166944; 166945; 166946; 166947; 166948; 166949; 166950; 166951; 166952; 166953; 166954; 166955; 166956; 166957; 166958; 166959; 166960; 166961; 166962; 166963; 166964; 166965; 166966; 166967; 166968; 166969; 166970; 166971; 166972; 166973; 166974; 166975; 166976; 166977; 166978; 166979; 363900; 363901; 363902; 363903; 363904; 363905; 363906; 363907; 363908; 363909; 363910; 363911; 363912; 363913; 363914; 363915; 363916; 363917; 363918; 363919; 363920; 363921; 363922; 363923; 363924; 363925; 363926; 363927; 363928; 363929; 363930; 363931; 363932; 363936; 363937; 363938; 363939; 363940; 363941; 363942; 363943; 363944; 363945; 363946; 363947; 363948; 363949; 363950; 363951; 363952; 363953; 363954; 363955; 363956; 363957; 363958; 363959; 363960; 363961; 363962; 363963; 363964; 363965; 363966; 363967; 363968; 363970; 363971; 363972; 363973; 363974; 363975; 363976; 363977; 363978; 363979; 363980; 363981; 363982; 363983; 363984; 363985; 363986; 363987; 363988; 363989; 363990; 363991; 363992; 363993; 363994; 363995; 363996; 363997; 363998; 363999; 364000; 364001; 364002
539477; 166930; 166931; 166932; 166933; 166934; 166935; 166936; 166937; 166938; 166939; 166940; 166941; 166942; 166943; 166944; 166945; 166946; 166947; 166948; 166949; 166950; 166951; 166952; 166953; 166954; 166955; 166956; 166957; 166958; 166959; 166960; 166961; 166962; 166963; 166964; 166965; 166966; 166967; 166968; 166969; 166970; 166971; 166972; 166973; 166974; 166975; 166976; 166977; 166978; 166979; 363900; 363901; 363902; 363903; 363904; 363905; 363906; 363907; 363908; 363909; 363910; 363911; 363912; 363913; 363914; 363915; 363916; 363917; 363918; 363919; 363920; 363921; 363922; 363923; 363924; 363925; 363926; 363927; 363928; 363929; 363930; 363931; 363932; 363936; 363937; 363938; 363939; 363940; 363941; 363942; 363943; 363944; 363945; 363946; 363947; 363948; 363949; 363950; 363951; 363952; 363953; 363954; 363955; 363956; 363957; 363958; 363959; 363960; 363961; 363962; 363963; 363964; 363965; 363966; 363967; 363968; 363970; 363971; 363972; 363973; 363974; 363975; 363976; 363977; 363978; 363979; 363980; 363981; 363982; 363983; 363984; 363985; 363986; 363987; 363988; 363989; 363990; 363991; 363992; 363993; 363994; 363995; 363996; 363997; 363998; 363999; 364000; 364001; 364002
539482; 166930; 166931; 166932; 166933; 166934; 166935; 166936; 166937; 166938; 166939; 166940; 166941; 166942; 166943; 166944; 166945; 166946; 166947; 166948; 166949; 166950; 166951; 166952; 166953; 166954; 166955; 166956; 166957; 166958; 166959; 166960; 166961; 166962; 166963; 166964; 166965; 166966; 166967; 166968; 166969; 166970; 166971; 166972; 166973; 166974; 166975; 166976; 166977; 166978; 166979; 363900; 363901; 363902; 363903; 363904; 363905; 363906; 363907; 363908; 363909; 363910; 363911; 363912; 363913; 363914; 363915; 363916; 363917; 363918; 363919; 363920; 363921; 363922; 363923; 363924; 363925; 363926; 363927; 363928; 363929; 363930; 363931; 363932; 363936; 363937; 363938; 363939; 363940; 363941; 363942; 363943; 363944; 363945; 363946; 363947; 363948; 363949; 363950; 363951; 363952; 363953; 363954; 363955; 363956; 363957; 363958; 363959; 363960; 363961; 363962; 363963; 363964; 363965; 363966; 363967; 363968; 363970; 363971; 363972; 363973; 363974; 363975; 363976; 363977; 363978; 363979; 363980; 363981; 363982; 363983; 363984; 363985; 363986; 363987; 363988; 363989; 363990; 363991; 363992; 363993; 363994; 363995; 363996; 363997; 363998; 363999; 364000; 364001; 364002
