597974
606793; 223080; 223081; 223083; 223084; 223085; 223086; 223087; 223089; 223090; 223091; 223092; 223093; 223094; 223095; 223096; 223097; 223098; 223099; 223101; 223102; 223103; 223104; 223105; 223106; 223107; 223108; 223109; 223110; 223111; 223112
607930
607942
607950
614949; 223080; 223081; 223083; 223084; 223085; 223086; 223087; 223089; 223090; 223091; 223092; 223093; 223094; 223095; 223096; 223097; 223098; 223099; 223101; 223102; 223103; 223104; 223105; 223106; 223107; 223108; 223109; 223110; 223111; 223112
625855; 223080; 223081; 223083; 223084; 223085; 223086; 223087; 223089; 223090; 223091; 223092; 223093; 223094; 223095; 223096; 223097; 223098; 223099; 223101; 223102; 223103; 223104; 223105; 223106; 223107; 223108; 223109; 223110; 223111; 223112
625858; 223080; 223081; 223083; 223084; 223085; 223086; 223087; 223089; 223090; 223091; 223092; 223093; 223094; 223095; 223096; 223097; 223098; 223099; 223101; 223102; 223103; 223104; 223105; 223106; 223107; 223108; 223109; 223110; 223111; 223112
634043; 223080; 223081; 223083; 223084; 223085; 223086; 223087; 223089; 223090; 223091; 223092; 223093; 223094; 223095; 223096; 223097; 223098; 223099; 223101; 223102; 223103; 223104; 223105; 223106; 223107; 223108; 223109; 223110; 223111; 223112
642221; 223080; 223081; 223083; 223084; 223085; 223086; 223087; 223089; 223090; 223091; 223092; 223093; 223094; 223095; 223096; 223097; 223098; 223099; 223101; 223102; 223103; 223104; 223105; 223106; 223107; 223108; 223109; 223110; 223111; 223112
